# ==========================================================
#  colosseum.txt
#  format:  centerX centerY centerZ   sizeX sizeY sizeZ   texID
#
#  texID:  0 = sand (arena floor)
#          1 = stone / facade
#          2 = travertine (seating, props)
#          3 = dark stone (tunnels, lintels)
#          -> if you only have 3 textures loaded, clamp in the loader
#
#  spawn the player at roughly (0, 0, 0) - centre of the arena
# ==========================================================

# === ARENA FLOOR (sand) ===
0.00 -0.50 -23.00   17.14 1.00 2.10   0
0.00 -0.50 -21.00   29.05 1.00 2.10   0
0.00 -0.50 -19.00   36.66 1.00 2.10   0
0.00 -0.50 -17.00   42.35 1.00 2.10   0
0.00 -0.50 -15.00   46.84 1.00 2.10   0
0.00 -0.50 -13.00   50.44 1.00 2.10   0
0.00 -0.50 -11.00   53.33 1.00 2.10   0
0.00 -0.50 -9.00   55.62 1.00 2.10   0
0.00 -0.50 -7.00   57.39 1.00 2.10   0
0.00 -0.50 -5.00   58.68 1.00 2.10   0
0.00 -0.50 -3.00   59.53 1.00 2.10   0
0.00 -0.50 -1.00   59.95 1.00 2.10   0
0.00 -0.50 1.00   59.95 1.00 2.10   0
0.00 -0.50 3.00   59.53 1.00 2.10   0
0.00 -0.50 5.00   58.68 1.00 2.10   0
0.00 -0.50 7.00   57.39 1.00 2.10   0
0.00 -0.50 9.00   55.62 1.00 2.10   0
0.00 -0.50 11.00   53.33 1.00 2.10   0
0.00 -0.50 13.00   50.44 1.00 2.10   0
0.00 -0.50 15.00   46.84 1.00 2.10   0
0.00 -0.50 17.00   42.35 1.00 2.10   0
0.00 -0.50 19.00   36.66 1.00 2.10   0
0.00 -0.50 21.00   29.05 1.00 2.10   0
0.00 -0.50 23.00   17.14 1.00 2.10   0

# === PODIUM WALL (4 tall) — gaps at E and W are the tunnels ===
31.12 2.00 3.94   3.74 4.00 3.74   1
30.65 2.00 5.88   3.74 4.00 3.74   1
30.00 2.00 7.79   3.74 4.00 3.74   1
29.16 2.00 9.64   3.74 4.00 3.74   1
28.15 2.00 11.44   3.74 4.00 3.74   1
26.97 2.00 13.18   3.74 4.00 3.74   1
25.63 2.00 14.83   3.74 4.00 3.74   1
24.13 2.00 16.39   3.74 4.00 3.74   1
22.49 2.00 17.86   3.74 4.00 3.74   1
20.71 2.00 19.21   3.74 4.00 3.74   1
18.81 2.00 20.45   3.74 4.00 3.74   1
16.80 2.00 21.57   3.74 4.00 3.74   1
14.68 2.00 22.56   3.74 4.00 3.74   1
12.48 2.00 23.41   3.74 4.00 3.74   1
10.20 2.00 24.13   3.74 4.00 3.74   1
7.86 2.00 24.69   3.74 4.00 3.74   1
5.47 2.00 25.11   3.74 4.00 3.74   1
3.05 2.00 25.38   3.74 4.00 3.74   1
0.61 2.00 25.50   3.74 4.00 3.74   1
-1.83 2.00 25.46   3.74 4.00 3.74   1
-4.26 2.00 25.27   3.74 4.00 3.74   1
-6.67 2.00 24.92   3.74 4.00 3.74   1
-9.03 2.00 24.43   3.74 4.00 3.74   1
-11.35 2.00 23.79   3.74 4.00 3.74   1
-13.59 2.00 23.01   3.74 4.00 3.74   1
-15.75 2.00 22.08   3.74 4.00 3.74   1
-17.82 2.00 21.03   3.74 4.00 3.74   1
-19.78 2.00 19.85   3.74 4.00 3.74   1
-21.62 2.00 18.55   3.74 4.00 3.74   1
-23.33 2.00 17.14   3.74 4.00 3.74   1
-24.90 2.00 15.62   3.74 4.00 3.74   1
-26.32 2.00 14.01   3.74 4.00 3.74   1
-27.58 2.00 12.32   3.74 4.00 3.74   1
-28.68 2.00 10.55   3.74 4.00 3.74   1
-29.60 2.00 8.72   3.74 4.00 3.74   1
-30.35 2.00 6.84   3.74 4.00 3.74   1
-30.91 2.00 4.91   3.74 4.00 3.74   1
-31.29 2.00 2.96   3.74 4.00 3.74   1
-31.29 2.00 -2.96   3.74 4.00 3.74   1
-30.91 2.00 -4.91   3.74 4.00 3.74   1
-30.35 2.00 -6.84   3.74 4.00 3.74   1
-29.60 2.00 -8.72   3.74 4.00 3.74   1
-28.68 2.00 -10.55   3.74 4.00 3.74   1
-27.58 2.00 -12.32   3.74 4.00 3.74   1
-26.32 2.00 -14.01   3.74 4.00 3.74   1
-24.90 2.00 -15.62   3.74 4.00 3.74   1
-23.33 2.00 -17.14   3.74 4.00 3.74   1
-21.62 2.00 -18.55   3.74 4.00 3.74   1
-19.78 2.00 -19.85   3.74 4.00 3.74   1
-17.82 2.00 -21.03   3.74 4.00 3.74   1
-15.75 2.00 -22.08   3.74 4.00 3.74   1
-13.59 2.00 -23.01   3.74 4.00 3.74   1
-11.35 2.00 -23.79   3.74 4.00 3.74   1
-9.03 2.00 -24.43   3.74 4.00 3.74   1
-6.67 2.00 -24.92   3.74 4.00 3.74   1
-4.26 2.00 -25.27   3.74 4.00 3.74   1
-1.83 2.00 -25.46   3.74 4.00 3.74   1
0.61 2.00 -25.50   3.74 4.00 3.74   1
3.05 2.00 -25.38   3.74 4.00 3.74   1
5.47 2.00 -25.11   3.74 4.00 3.74   1
7.86 2.00 -24.69   3.74 4.00 3.74   1
10.20 2.00 -24.13   3.74 4.00 3.74   1
12.48 2.00 -23.41   3.74 4.00 3.74   1
14.68 2.00 -22.56   3.74 4.00 3.74   1
16.80 2.00 -21.57   3.74 4.00 3.74   1
18.81 2.00 -20.45   3.74 4.00 3.74   1
20.71 2.00 -19.21   3.74 4.00 3.74   1
22.49 2.00 -17.86   3.74 4.00 3.74   1
24.13 2.00 -16.39   3.74 4.00 3.74   1
25.63 2.00 -14.83   3.74 4.00 3.74   1
26.97 2.00 -13.18   3.74 4.00 3.74   1
28.15 2.00 -11.44   3.74 4.00 3.74   1
29.16 2.00 -9.64   3.74 4.00 3.74   1
30.00 2.00 -7.79   3.74 4.00 3.74   1
30.65 2.00 -5.88   3.74 4.00 3.74   1
31.12 2.00 -3.94   3.74 4.00 3.74   1

# === SEATING TIERS (walk up from the tunnels) ===
33.50 2.00 0.00   4.08 4.00 4.08   2
33.40 2.00 2.16   4.08 4.00 4.08   2
33.09 2.00 4.30   4.08 4.00 4.08   2
32.57 2.00 6.42   4.08 4.00 4.08   2
31.86 2.00 8.50   4.08 4.00 4.08   2
30.95 2.00 10.52   4.08 4.00 4.08   2
29.85 2.00 12.48   4.08 4.00 4.08   2
28.56 2.00 14.37   4.08 4.00 4.08   2
27.10 2.00 16.16   4.08 4.00 4.08   2
25.47 2.00 17.86   4.08 4.00 4.08   2
23.69 2.00 19.45   4.08 4.00 4.08   2
21.76 2.00 20.91   4.08 4.00 4.08   2
19.69 2.00 22.25   4.08 4.00 4.08   2
17.50 2.00 23.45   4.08 4.00 4.08   2
15.21 2.00 24.50   4.08 4.00 4.08   2
12.82 2.00 25.41   4.08 4.00 4.08   2
10.35 2.00 26.15   4.08 4.00 4.08   2
7.82 2.00 26.74   4.08 4.00 4.08   2
5.24 2.00 27.16   4.08 4.00 4.08   2
2.63 2.00 27.42   4.08 4.00 4.08   2
0.00 2.00 27.50   4.08 4.00 4.08   2
-2.63 2.00 27.42   4.08 4.00 4.08   2
-5.24 2.00 27.16   4.08 4.00 4.08   2
-7.82 2.00 26.74   4.08 4.00 4.08   2
-10.35 2.00 26.15   4.08 4.00 4.08   2
-12.82 2.00 25.41   4.08 4.00 4.08   2
-15.21 2.00 24.50   4.08 4.00 4.08   2
-17.50 2.00 23.45   4.08 4.00 4.08   2
-19.69 2.00 22.25   4.08 4.00 4.08   2
-21.76 2.00 20.91   4.08 4.00 4.08   2
-23.69 2.00 19.45   4.08 4.00 4.08   2
-25.47 2.00 17.86   4.08 4.00 4.08   2
-27.10 2.00 16.16   4.08 4.00 4.08   2
-28.56 2.00 14.37   4.08 4.00 4.08   2
-29.85 2.00 12.48   4.08 4.00 4.08   2
-30.95 2.00 10.52   4.08 4.00 4.08   2
-31.86 2.00 8.50   4.08 4.00 4.08   2
-32.57 2.00 6.42   4.08 4.00 4.08   2
-33.09 2.00 4.30   4.08 4.00 4.08   2
-33.40 2.00 2.16   4.08 4.00 4.08   2
-33.50 2.00 0.00   4.08 4.00 4.08   2
-33.40 2.00 -2.16   4.08 4.00 4.08   2
-33.09 2.00 -4.30   4.08 4.00 4.08   2
-32.57 2.00 -6.42   4.08 4.00 4.08   2
-31.86 2.00 -8.50   4.08 4.00 4.08   2
-30.95 2.00 -10.52   4.08 4.00 4.08   2
-29.85 2.00 -12.48   4.08 4.00 4.08   2
-28.56 2.00 -14.37   4.08 4.00 4.08   2
-27.10 2.00 -16.16   4.08 4.00 4.08   2
-25.47 2.00 -17.86   4.08 4.00 4.08   2
-23.69 2.00 -19.45   4.08 4.00 4.08   2
-21.76 2.00 -20.91   4.08 4.00 4.08   2
-19.69 2.00 -22.25   4.08 4.00 4.08   2
-17.50 2.00 -23.45   4.08 4.00 4.08   2
-15.21 2.00 -24.50   4.08 4.00 4.08   2
-12.82 2.00 -25.41   4.08 4.00 4.08   2
-10.35 2.00 -26.15   4.08 4.00 4.08   2
-7.82 2.00 -26.74   4.08 4.00 4.08   2
-5.24 2.00 -27.16   4.08 4.00 4.08   2
-2.63 2.00 -27.42   4.08 4.00 4.08   2
-0.00 2.00 -27.50   4.08 4.00 4.08   2
2.63 2.00 -27.42   4.08 4.00 4.08   2
5.24 2.00 -27.16   4.08 4.00 4.08   2
7.82 2.00 -26.74   4.08 4.00 4.08   2
10.35 2.00 -26.15   4.08 4.00 4.08   2
12.82 2.00 -25.41   4.08 4.00 4.08   2
15.21 2.00 -24.50   4.08 4.00 4.08   2
17.50 2.00 -23.45   4.08 4.00 4.08   2
19.69 2.00 -22.25   4.08 4.00 4.08   2
21.76 2.00 -20.91   4.08 4.00 4.08   2
23.69 2.00 -19.45   4.08 4.00 4.08   2
25.47 2.00 -17.86   4.08 4.00 4.08   2
27.10 2.00 -16.16   4.08 4.00 4.08   2
28.56 2.00 -14.37   4.08 4.00 4.08   2
29.85 2.00 -12.48   4.08 4.00 4.08   2
30.95 2.00 -10.52   4.08 4.00 4.08   2
31.86 2.00 -8.50   4.08 4.00 4.08   2
32.57 2.00 -6.42   4.08 4.00 4.08   2
33.09 2.00 -4.30   4.08 4.00 4.08   2
33.40 2.00 -2.16   4.08 4.00 4.08   2
35.90 2.58 0.00   4.08 5.15 4.08   2
35.80 2.58 2.18   4.08 5.15 4.08   2
35.52 2.58 4.35   4.08 5.15 4.08   2
35.04 2.58 6.50   4.08 5.15 4.08   2
34.38 2.58 8.61   4.08 5.15 4.08   2
33.53 2.58 10.68   4.08 5.15 4.08   2
32.51 2.58 12.69   4.08 5.15 4.08   2
31.31 2.58 14.63   4.08 5.15 4.08   2
29.94 2.58 16.50   4.08 5.15 4.08   2
28.41 2.58 18.27   4.08 5.15 4.08   2
26.74 2.58 19.95   4.08 5.15 4.08   2
24.92 2.58 21.53   4.08 5.15 4.08   2
22.96 2.58 22.98   4.08 5.15 4.08   2
20.89 2.58 24.32   4.08 5.15 4.08   2
18.70 2.58 25.52   4.08 5.15 4.08   2
16.41 2.58 26.59   4.08 5.15 4.08   2
14.04 2.58 27.52   4.08 5.15 4.08   2
11.59 2.58 28.30   4.08 5.15 4.08   2
9.08 2.58 28.93   4.08 5.15 4.08   2
6.52 2.58 29.40   4.08 5.15 4.08   2
3.93 2.58 29.72   4.08 5.15 4.08   2
1.31 2.58 29.88   4.08 5.15 4.08   2
-1.31 2.58 29.88   4.08 5.15 4.08   2
-3.93 2.58 29.72   4.08 5.15 4.08   2
-6.52 2.58 29.40   4.08 5.15 4.08   2
-9.08 2.58 28.93   4.08 5.15 4.08   2
-11.59 2.58 28.30   4.08 5.15 4.08   2
-14.04 2.58 27.52   4.08 5.15 4.08   2
-16.41 2.58 26.59   4.08 5.15 4.08   2
-18.70 2.58 25.52   4.08 5.15 4.08   2
-20.89 2.58 24.32   4.08 5.15 4.08   2
-22.96 2.58 22.98   4.08 5.15 4.08   2
-24.92 2.58 21.53   4.08 5.15 4.08   2
-26.74 2.58 19.95   4.08 5.15 4.08   2
-28.41 2.58 18.27   4.08 5.15 4.08   2
-29.94 2.58 16.50   4.08 5.15 4.08   2
-31.31 2.58 14.63   4.08 5.15 4.08   2
-32.51 2.58 12.69   4.08 5.15 4.08   2
-33.53 2.58 10.68   4.08 5.15 4.08   2
-34.38 2.58 8.61   4.08 5.15 4.08   2
-35.04 2.58 6.50   4.08 5.15 4.08   2
-35.52 2.58 4.35   4.08 5.15 4.08   2
-35.80 2.58 2.18   4.08 5.15 4.08   2
-35.90 2.58 0.00   4.08 5.15 4.08   2
-35.80 2.58 -2.18   4.08 5.15 4.08   2
-35.52 2.58 -4.35   4.08 5.15 4.08   2
-35.04 2.58 -6.50   4.08 5.15 4.08   2
-34.38 2.58 -8.61   4.08 5.15 4.08   2
-33.53 2.58 -10.68   4.08 5.15 4.08   2
-32.51 2.58 -12.69   4.08 5.15 4.08   2
-31.31 2.58 -14.63   4.08 5.15 4.08   2
-29.94 2.58 -16.50   4.08 5.15 4.08   2
-28.41 2.58 -18.27   4.08 5.15 4.08   2
-26.74 2.58 -19.95   4.08 5.15 4.08   2
-24.92 2.58 -21.53   4.08 5.15 4.08   2
-22.96 2.58 -22.98   4.08 5.15 4.08   2
-20.89 2.58 -24.32   4.08 5.15 4.08   2
-18.70 2.58 -25.52   4.08 5.15 4.08   2
-16.41 2.58 -26.59   4.08 5.15 4.08   2
-14.04 2.58 -27.52   4.08 5.15 4.08   2
-11.59 2.58 -28.30   4.08 5.15 4.08   2
-9.08 2.58 -28.93   4.08 5.15 4.08   2
-6.52 2.58 -29.40   4.08 5.15 4.08   2
-3.93 2.58 -29.72   4.08 5.15 4.08   2
-1.31 2.58 -29.88   4.08 5.15 4.08   2
1.31 2.58 -29.88   4.08 5.15 4.08   2
3.93 2.58 -29.72   4.08 5.15 4.08   2
6.52 2.58 -29.40   4.08 5.15 4.08   2
9.08 2.58 -28.93   4.08 5.15 4.08   2
11.59 2.58 -28.30   4.08 5.15 4.08   2
14.04 2.58 -27.52   4.08 5.15 4.08   2
16.41 2.58 -26.59   4.08 5.15 4.08   2
18.70 2.58 -25.52   4.08 5.15 4.08   2
20.89 2.58 -24.32   4.08 5.15 4.08   2
22.96 2.58 -22.98   4.08 5.15 4.08   2
24.92 2.58 -21.53   4.08 5.15 4.08   2
26.74 2.58 -19.95   4.08 5.15 4.08   2
28.41 2.58 -18.27   4.08 5.15 4.08   2
29.94 2.58 -16.50   4.08 5.15 4.08   2
31.31 2.58 -14.63   4.08 5.15 4.08   2
32.51 2.58 -12.69   4.08 5.15 4.08   2
33.53 2.58 -10.68   4.08 5.15 4.08   2
34.38 2.58 -8.61   4.08 5.15 4.08   2
35.04 2.58 -6.50   4.08 5.15 4.08   2
35.52 2.58 -4.35   4.08 5.15 4.08   2
35.80 2.58 -2.18   4.08 5.15 4.08   2
38.30 3.15 0.00   4.08 6.30 4.08   2
38.21 3.15 2.20   4.08 6.30 4.08   2
37.94 3.15 4.40   4.08 6.30 4.08   2
37.50 3.15 6.57   4.08 6.30 4.08   2
36.88 3.15 8.71   4.08 6.30 4.08   2
36.09 3.15 10.82   4.08 6.30 4.08   2
35.13 3.15 12.87   4.08 6.30 4.08   2
34.01 3.15 14.86   4.08 6.30 4.08   2
32.72 3.15 16.78   4.08 6.30 4.08   2
31.29 3.15 18.63   4.08 6.30 4.08   2
29.71 3.15 20.38   4.08 6.30 4.08   2
27.99 3.15 22.05   4.08 6.30 4.08   2
26.14 3.15 23.61   4.08 6.30 4.08   2
24.17 3.15 25.06   4.08 6.30 4.08   2
22.09 3.15 26.39   4.08 6.30 4.08   2
19.90 3.15 27.60   4.08 6.30 4.08   2
17.62 3.15 28.68   4.08 6.30 4.08   2
15.26 3.15 29.63   4.08 6.30 4.08   2
12.83 3.15 30.44   4.08 6.30 4.08   2
10.33 3.15 31.10   4.08 6.30 4.08   2
7.79 3.15 31.62   4.08 6.30 4.08   2
5.22 3.15 32.00   4.08 6.30 4.08   2
2.61 3.15 32.22   4.08 6.30 4.08   2
0.00 3.15 32.30   4.08 6.30 4.08   2
-2.61 3.15 32.22   4.08 6.30 4.08   2
-5.22 3.15 32.00   4.08 6.30 4.08   2
-7.79 3.15 31.62   4.08 6.30 4.08   2
-10.33 3.15 31.10   4.08 6.30 4.08   2
-12.83 3.15 30.44   4.08 6.30 4.08   2
-15.26 3.15 29.63   4.08 6.30 4.08   2
-17.62 3.15 28.68   4.08 6.30 4.08   2
-19.90 3.15 27.60   4.08 6.30 4.08   2
-22.09 3.15 26.39   4.08 6.30 4.08   2
-24.17 3.15 25.06   4.08 6.30 4.08   2
-26.14 3.15 23.61   4.08 6.30 4.08   2
-27.99 3.15 22.05   4.08 6.30 4.08   2
-29.71 3.15 20.38   4.08 6.30 4.08   2
-31.29 3.15 18.63   4.08 6.30 4.08   2
-32.72 3.15 16.78   4.08 6.30 4.08   2
-34.01 3.15 14.86   4.08 6.30 4.08   2
-35.13 3.15 12.87   4.08 6.30 4.08   2
-36.09 3.15 10.82   4.08 6.30 4.08   2
-36.88 3.15 8.71   4.08 6.30 4.08   2
-37.50 3.15 6.57   4.08 6.30 4.08   2
-37.94 3.15 4.40   4.08 6.30 4.08   2
-38.21 3.15 2.20   4.08 6.30 4.08   2
-38.30 3.15 0.00   4.08 6.30 4.08   2
-38.21 3.15 -2.20   4.08 6.30 4.08   2
-37.94 3.15 -4.40   4.08 6.30 4.08   2
-37.50 3.15 -6.57   4.08 6.30 4.08   2
-36.88 3.15 -8.71   4.08 6.30 4.08   2
-36.09 3.15 -10.82   4.08 6.30 4.08   2
-35.13 3.15 -12.87   4.08 6.30 4.08   2
-34.01 3.15 -14.86   4.08 6.30 4.08   2
-32.72 3.15 -16.78   4.08 6.30 4.08   2
-31.29 3.15 -18.63   4.08 6.30 4.08   2
-29.71 3.15 -20.38   4.08 6.30 4.08   2
-27.99 3.15 -22.05   4.08 6.30 4.08   2
-26.14 3.15 -23.61   4.08 6.30 4.08   2
-24.17 3.15 -25.06   4.08 6.30 4.08   2
-22.09 3.15 -26.39   4.08 6.30 4.08   2
-19.90 3.15 -27.60   4.08 6.30 4.08   2
-17.62 3.15 -28.68   4.08 6.30 4.08   2
-15.26 3.15 -29.63   4.08 6.30 4.08   2
-12.83 3.15 -30.44   4.08 6.30 4.08   2
-10.33 3.15 -31.10   4.08 6.30 4.08   2
-7.79 3.15 -31.62   4.08 6.30 4.08   2
-5.22 3.15 -32.00   4.08 6.30 4.08   2
-2.61 3.15 -32.22   4.08 6.30 4.08   2
-0.00 3.15 -32.30   4.08 6.30 4.08   2
2.61 3.15 -32.22   4.08 6.30 4.08   2
5.22 3.15 -32.00   4.08 6.30 4.08   2
7.79 3.15 -31.62   4.08 6.30 4.08   2
10.33 3.15 -31.10   4.08 6.30 4.08   2
12.83 3.15 -30.44   4.08 6.30 4.08   2
15.26 3.15 -29.63   4.08 6.30 4.08   2
17.62 3.15 -28.68   4.08 6.30 4.08   2
19.90 3.15 -27.60   4.08 6.30 4.08   2
22.09 3.15 -26.39   4.08 6.30 4.08   2
24.17 3.15 -25.06   4.08 6.30 4.08   2
26.14 3.15 -23.61   4.08 6.30 4.08   2
27.99 3.15 -22.05   4.08 6.30 4.08   2
29.71 3.15 -20.38   4.08 6.30 4.08   2
31.29 3.15 -18.63   4.08 6.30 4.08   2
32.72 3.15 -16.78   4.08 6.30 4.08   2
34.01 3.15 -14.86   4.08 6.30 4.08   2
35.13 3.15 -12.87   4.08 6.30 4.08   2
36.09 3.15 -10.82   4.08 6.30 4.08   2
36.88 3.15 -8.71   4.08 6.30 4.08   2
37.50 3.15 -6.57   4.08 6.30 4.08   2
37.94 3.15 -4.40   4.08 6.30 4.08   2
38.21 3.15 -2.20   4.08 6.30 4.08   2
40.70 3.72 0.00   4.08 7.45 4.08   2
40.62 3.72 2.22   4.08 7.45 4.08   2
40.37 3.72 4.44   4.08 7.45 4.08   2
39.95 3.72 6.63   4.08 7.45 4.08   2
39.37 3.72 8.80   4.08 7.45 4.08   2
38.63 3.72 10.93   4.08 7.45 4.08   2
37.73 3.72 13.02   4.08 7.45 4.08   2
36.67 3.72 15.06   4.08 7.45 4.08   2
35.46 3.72 17.03   4.08 7.45 4.08   2
34.11 3.72 18.93   4.08 7.45 4.08   2
32.62 3.72 20.75   4.08 7.45 4.08   2
30.99 3.72 22.49   4.08 7.45 4.08   2
29.24 3.72 24.14   4.08 7.45 4.08   2
27.36 3.72 25.69   4.08 7.45 4.08   2
25.38 3.72 27.13   4.08 7.45 4.08   2
23.29 3.72 28.46   4.08 7.45 4.08   2
21.10 3.72 29.67   4.08 7.45 4.08   2
18.83 3.72 30.76   4.08 7.45 4.08   2
16.47 3.72 31.73   4.08 7.45 4.08   2
14.06 3.72 32.56   4.08 7.45 4.08   2
11.58 3.72 33.27   4.08 7.45 4.08   2
9.06 3.72 33.83   4.08 7.45 4.08   2
6.50 3.72 34.26   4.08 7.45 4.08   2
3.91 3.72 34.54   4.08 7.45 4.08   2
1.30 3.72 34.68   4.08 7.45 4.08   2
-1.30 3.72 34.68   4.08 7.45 4.08   2
-3.91 3.72 34.54   4.08 7.45 4.08   2
-6.50 3.72 34.26   4.08 7.45 4.08   2
-9.06 3.72 33.83   4.08 7.45 4.08   2
-11.58 3.72 33.27   4.08 7.45 4.08   2
-14.06 3.72 32.56   4.08 7.45 4.08   2
-16.47 3.72 31.73   4.08 7.45 4.08   2
-18.83 3.72 30.76   4.08 7.45 4.08   2
-21.10 3.72 29.67   4.08 7.45 4.08   2
-23.29 3.72 28.46   4.08 7.45 4.08   2
-25.38 3.72 27.13   4.08 7.45 4.08   2
-27.36 3.72 25.69   4.08 7.45 4.08   2
-29.24 3.72 24.14   4.08 7.45 4.08   2
-30.99 3.72 22.49   4.08 7.45 4.08   2
-32.62 3.72 20.75   4.08 7.45 4.08   2
-34.11 3.72 18.93   4.08 7.45 4.08   2
-35.46 3.72 17.03   4.08 7.45 4.08   2
-36.67 3.72 15.06   4.08 7.45 4.08   2
-37.73 3.72 13.02   4.08 7.45 4.08   2
-38.63 3.72 10.93   4.08 7.45 4.08   2
-39.37 3.72 8.80   4.08 7.45 4.08   2
-39.95 3.72 6.63   4.08 7.45 4.08   2
-40.37 3.72 4.44   4.08 7.45 4.08   2
-40.62 3.72 2.22   4.08 7.45 4.08   2
-40.70 3.72 0.00   4.08 7.45 4.08   2
-40.62 3.72 -2.22   4.08 7.45 4.08   2
-40.37 3.72 -4.44   4.08 7.45 4.08   2
-39.95 3.72 -6.63   4.08 7.45 4.08   2
-39.37 3.72 -8.80   4.08 7.45 4.08   2
-38.63 3.72 -10.93   4.08 7.45 4.08   2
-37.73 3.72 -13.02   4.08 7.45 4.08   2
-36.67 3.72 -15.06   4.08 7.45 4.08   2
-35.46 3.72 -17.03   4.08 7.45 4.08   2
-34.11 3.72 -18.93   4.08 7.45 4.08   2
-32.62 3.72 -20.75   4.08 7.45 4.08   2
-30.99 3.72 -22.49   4.08 7.45 4.08   2
-29.24 3.72 -24.14   4.08 7.45 4.08   2
-27.36 3.72 -25.69   4.08 7.45 4.08   2
-25.38 3.72 -27.13   4.08 7.45 4.08   2
-23.29 3.72 -28.46   4.08 7.45 4.08   2
-21.10 3.72 -29.67   4.08 7.45 4.08   2
-18.83 3.72 -30.76   4.08 7.45 4.08   2
-16.47 3.72 -31.73   4.08 7.45 4.08   2
-14.06 3.72 -32.56   4.08 7.45 4.08   2
-11.58 3.72 -33.27   4.08 7.45 4.08   2
-9.06 3.72 -33.83   4.08 7.45 4.08   2
-6.50 3.72 -34.26   4.08 7.45 4.08   2
-3.91 3.72 -34.54   4.08 7.45 4.08   2
-1.30 3.72 -34.68   4.08 7.45 4.08   2
1.30 3.72 -34.68   4.08 7.45 4.08   2
3.91 3.72 -34.54   4.08 7.45 4.08   2
6.50 3.72 -34.26   4.08 7.45 4.08   2
9.06 3.72 -33.83   4.08 7.45 4.08   2
11.58 3.72 -33.27   4.08 7.45 4.08   2
14.06 3.72 -32.56   4.08 7.45 4.08   2
16.47 3.72 -31.73   4.08 7.45 4.08   2
18.83 3.72 -30.76   4.08 7.45 4.08   2
21.10 3.72 -29.67   4.08 7.45 4.08   2
23.29 3.72 -28.46   4.08 7.45 4.08   2
25.38 3.72 -27.13   4.08 7.45 4.08   2
27.36 3.72 -25.69   4.08 7.45 4.08   2
29.24 3.72 -24.14   4.08 7.45 4.08   2
30.99 3.72 -22.49   4.08 7.45 4.08   2
32.62 3.72 -20.75   4.08 7.45 4.08   2
34.11 3.72 -18.93   4.08 7.45 4.08   2
35.46 3.72 -17.03   4.08 7.45 4.08   2
36.67 3.72 -15.06   4.08 7.45 4.08   2
37.73 3.72 -13.02   4.08 7.45 4.08   2
38.63 3.72 -10.93   4.08 7.45 4.08   2
39.37 3.72 -8.80   4.08 7.45 4.08   2
39.95 3.72 -6.63   4.08 7.45 4.08   2
40.37 3.72 -4.44   4.08 7.45 4.08   2
40.62 3.72 -2.22   4.08 7.45 4.08   2
43.10 4.30 0.00   4.08 8.60 4.08   2
43.02 4.30 2.22   4.08 8.60 4.08   2
42.79 4.30 4.43   4.08 8.60 4.08   2
42.41 4.30 6.62   4.08 8.60 4.08   2
41.87 4.30 8.80   4.08 8.60 4.08   2
41.19 4.30 10.94   4.08 8.60 4.08   2
40.35 4.30 13.04   4.08 8.60 4.08   2
39.37 4.30 15.09   4.08 8.60 4.08   2
38.25 4.30 17.09   4.08 8.60 4.08   2
37.00 4.30 19.03   4.08 8.60 4.08   2
35.61 4.30 20.90   4.08 8.60 4.08   2
34.10 4.30 22.69   4.08 8.60 4.08   2
32.46 4.30 24.41   4.08 8.60 4.08   2
30.70 4.30 26.04   4.08 8.60 4.08   2
28.84 4.30 27.57   4.08 8.60 4.08   2
26.87 4.30 29.01   4.08 8.60 4.08   2
24.81 4.30 30.34   4.08 8.60 4.08   2
22.66 4.30 31.56   4.08 8.60 4.08   2
20.42 4.30 32.67   4.08 8.60 4.08   2
18.12 4.30 33.66   4.08 8.60 4.08   2
15.75 4.30 34.54   4.08 8.60 4.08   2
13.32 4.30 35.28   4.08 8.60 4.08   2
10.84 4.30 35.91   4.08 8.60 4.08   2
8.33 4.30 36.40   4.08 8.60 4.08   2
5.79 4.30 36.76   4.08 8.60 4.08   2
3.22 4.30 37.00   4.08 8.60 4.08   2
0.64 4.30 37.10   4.08 8.60 4.08   2
-1.93 4.30 37.06   4.08 8.60 4.08   2
-4.51 4.30 36.90   4.08 8.60 4.08   2
-7.06 4.30 36.60   4.08 8.60 4.08   2
-9.59 4.30 36.17   4.08 8.60 4.08   2
-12.09 4.30 35.61   4.08 8.60 4.08   2
-14.54 4.30 34.93   4.08 8.60 4.08   2
-16.94 4.30 34.11   4.08 8.60 4.08   2
-19.28 4.30 33.18   4.08 8.60 4.08   2
-21.55 4.30 32.13   4.08 8.60 4.08   2
-23.74 4.30 30.96   4.08 8.60 4.08   2
-25.85 4.30 29.68   4.08 8.60 4.08   2
-27.87 4.30 28.30   4.08 8.60 4.08   2
-29.78 4.30 26.82   4.08 8.60 4.08   2
-31.59 4.30 25.23   4.08 8.60 4.08   2
-33.29 4.30 23.56   4.08 8.60 4.08   2
-34.87 4.30 21.81   4.08 8.60 4.08   2
-36.32 4.30 19.97   4.08 8.60 4.08   2
-37.64 4.30 18.07   4.08 8.60 4.08   2
-38.83 4.30 16.10   4.08 8.60 4.08   2
-39.88 4.30 14.07   4.08 8.60 4.08   2
-40.79 4.30 11.99   4.08 8.60 4.08   2
-41.55 4.30 9.87   4.08 8.60 4.08   2
-42.16 4.30 7.71   4.08 8.60 4.08   2
-42.62 4.30 5.53   4.08 8.60 4.08   2
-42.93 4.30 3.33   4.08 8.60 4.08   2
-43.08 4.30 1.11   4.08 8.60 4.08   2
-43.08 4.30 -1.11   4.08 8.60 4.08   2
-42.93 4.30 -3.33   4.08 8.60 4.08   2
-42.62 4.30 -5.53   4.08 8.60 4.08   2
-42.16 4.30 -7.71   4.08 8.60 4.08   2
-41.55 4.30 -9.87   4.08 8.60 4.08   2
-40.79 4.30 -11.99   4.08 8.60 4.08   2
-39.88 4.30 -14.07   4.08 8.60 4.08   2
-38.83 4.30 -16.10   4.08 8.60 4.08   2
-37.64 4.30 -18.07   4.08 8.60 4.08   2
-36.32 4.30 -19.97   4.08 8.60 4.08   2
-34.87 4.30 -21.81   4.08 8.60 4.08   2
-33.29 4.30 -23.56   4.08 8.60 4.08   2
-31.59 4.30 -25.23   4.08 8.60 4.08   2
-29.78 4.30 -26.82   4.08 8.60 4.08   2
-27.87 4.30 -28.30   4.08 8.60 4.08   2
-25.85 4.30 -29.68   4.08 8.60 4.08   2
-23.74 4.30 -30.96   4.08 8.60 4.08   2
-21.55 4.30 -32.13   4.08 8.60 4.08   2
-19.28 4.30 -33.18   4.08 8.60 4.08   2
-16.94 4.30 -34.11   4.08 8.60 4.08   2
-14.54 4.30 -34.93   4.08 8.60 4.08   2
-12.09 4.30 -35.61   4.08 8.60 4.08   2
-9.59 4.30 -36.17   4.08 8.60 4.08   2
-7.06 4.30 -36.60   4.08 8.60 4.08   2
-4.51 4.30 -36.90   4.08 8.60 4.08   2
-1.93 4.30 -37.06   4.08 8.60 4.08   2
0.64 4.30 -37.10   4.08 8.60 4.08   2
3.22 4.30 -37.00   4.08 8.60 4.08   2
5.79 4.30 -36.76   4.08 8.60 4.08   2
8.33 4.30 -36.40   4.08 8.60 4.08   2
10.84 4.30 -35.91   4.08 8.60 4.08   2
13.32 4.30 -35.28   4.08 8.60 4.08   2
15.75 4.30 -34.54   4.08 8.60 4.08   2
18.12 4.30 -33.66   4.08 8.60 4.08   2
20.42 4.30 -32.67   4.08 8.60 4.08   2
22.66 4.30 -31.56   4.08 8.60 4.08   2
24.81 4.30 -30.34   4.08 8.60 4.08   2
26.87 4.30 -29.01   4.08 8.60 4.08   2
28.84 4.30 -27.57   4.08 8.60 4.08   2
30.70 4.30 -26.04   4.08 8.60 4.08   2
32.46 4.30 -24.41   4.08 8.60 4.08   2
34.10 4.30 -22.69   4.08 8.60 4.08   2
35.61 4.30 -20.90   4.08 8.60 4.08   2
37.00 4.30 -19.03   4.08 8.60 4.08   2
38.25 4.30 -17.09   4.08 8.60 4.08   2
39.37 4.30 -15.09   4.08 8.60 4.08   2
40.35 4.30 -13.04   4.08 8.60 4.08   2
41.19 4.30 -10.94   4.08 8.60 4.08   2
41.87 4.30 -8.80   4.08 8.60 4.08   2
42.41 4.30 -6.62   4.08 8.60 4.08   2
42.79 4.30 -4.43   4.08 8.60 4.08   2
43.02 4.30 -2.22   4.08 8.60 4.08   2
45.50 4.88 0.00   4.08 9.75 4.08   2
45.43 4.88 2.23   4.08 9.75 4.08   2
45.21 4.88 4.46   4.08 9.75 4.08   2
44.85 4.88 6.68   4.08 9.75 4.08   2
44.34 4.88 8.87   4.08 9.75 4.08   2
43.69 4.88 11.03   4.08 9.75 4.08   2
42.90 4.88 13.16   4.08 9.75 4.08   2
41.97 4.88 15.25   4.08 9.75 4.08   2
40.91 4.88 17.28   4.08 9.75 4.08   2
39.72 4.88 19.26   4.08 9.75 4.08   2
38.40 4.88 21.18   4.08 9.75 4.08   2
36.96 4.88 23.04   4.08 9.75 4.08   2
35.40 4.88 24.81   4.08 9.75 4.08   2
33.73 4.88 26.51   4.08 9.75 4.08   2
31.94 4.88 28.13   4.08 9.75 4.08   2
30.06 4.88 29.65   4.08 9.75 4.08   2
28.08 4.88 31.08   4.08 9.75 4.08   2
26.01 4.88 32.41   4.08 9.75 4.08   2
23.86 4.88 33.64   4.08 9.75 4.08   2
21.63 4.88 34.75   4.08 9.75 4.08   2
19.33 4.88 35.76   4.08 9.75 4.08   2
16.96 4.88 36.65   4.08 9.75 4.08   2
14.55 4.88 37.43   4.08 9.75 4.08   2
12.09 4.88 38.08   4.08 9.75 4.08   2
9.59 4.88 38.61   4.08 9.75 4.08   2
7.05 4.88 39.02   4.08 9.75 4.08   2
4.50 4.88 39.31   4.08 9.75 4.08   2
1.93 4.88 39.46   4.08 9.75 4.08   2
-0.64 4.88 39.50   4.08 9.75 4.08   2
-3.22 4.88 39.40   4.08 9.75 4.08   2
-5.78 4.88 39.18   4.08 9.75 4.08   2
-8.32 4.88 38.83   4.08 9.75 4.08   2
-10.84 4.88 38.36   4.08 9.75 4.08   2
-13.32 4.88 37.77   4.08 9.75 4.08   2
-15.76 4.88 37.05   4.08 9.75 4.08   2
-18.15 4.88 36.22   4.08 9.75 4.08   2
-20.48 4.88 35.27   4.08 9.75 4.08   2
-22.75 4.88 34.21   4.08 9.75 4.08   2
-24.94 4.88 33.04   4.08 9.75 4.08   2
-27.06 4.88 31.76   4.08 9.75 4.08   2
-29.08 4.88 30.38   4.08 9.75 4.08   2
-31.02 4.88 28.90   4.08 9.75 4.08   2
-32.85 4.88 27.33   4.08 9.75 4.08   2
-34.58 4.88 25.67   4.08 9.75 4.08   2
-36.20 4.88 23.94   4.08 9.75 4.08   2
-37.70 4.88 22.12   4.08 9.75 4.08   2
-39.08 4.88 20.23   4.08 9.75 4.08   2
-40.33 4.88 18.28   4.08 9.75 4.08   2
-41.46 4.88 16.27   4.08 9.75 4.08   2
-42.45 4.88 14.21   4.08 9.75 4.08   2
-43.31 4.88 12.10   4.08 9.75 4.08   2
-44.03 4.88 9.95   4.08 9.75 4.08   2
-44.61 4.88 7.77   4.08 9.75 4.08   2
-45.05 4.88 5.57   4.08 9.75 4.08   2
-45.34 4.88 3.35   4.08 9.75 4.08   2
-45.48 4.88 1.12   4.08 9.75 4.08   2
-45.48 4.88 -1.12   4.08 9.75 4.08   2
-45.34 4.88 -3.35   4.08 9.75 4.08   2
-45.05 4.88 -5.57   4.08 9.75 4.08   2
-44.61 4.88 -7.77   4.08 9.75 4.08   2
-44.03 4.88 -9.95   4.08 9.75 4.08   2
-43.31 4.88 -12.10   4.08 9.75 4.08   2
-42.45 4.88 -14.21   4.08 9.75 4.08   2
-41.46 4.88 -16.27   4.08 9.75 4.08   2
-40.33 4.88 -18.28   4.08 9.75 4.08   2
-39.08 4.88 -20.23   4.08 9.75 4.08   2
-37.70 4.88 -22.12   4.08 9.75 4.08   2
-36.20 4.88 -23.94   4.08 9.75 4.08   2
-34.58 4.88 -25.67   4.08 9.75 4.08   2
-32.85 4.88 -27.33   4.08 9.75 4.08   2
-31.02 4.88 -28.90   4.08 9.75 4.08   2
-29.08 4.88 -30.38   4.08 9.75 4.08   2
-27.06 4.88 -31.76   4.08 9.75 4.08   2
-24.94 4.88 -33.04   4.08 9.75 4.08   2
-22.75 4.88 -34.21   4.08 9.75 4.08   2
-20.48 4.88 -35.27   4.08 9.75 4.08   2
-18.15 4.88 -36.22   4.08 9.75 4.08   2
-15.76 4.88 -37.05   4.08 9.75 4.08   2
-13.32 4.88 -37.77   4.08 9.75 4.08   2
-10.84 4.88 -38.36   4.08 9.75 4.08   2
-8.32 4.88 -38.83   4.08 9.75 4.08   2
-5.78 4.88 -39.18   4.08 9.75 4.08   2
-3.22 4.88 -39.40   4.08 9.75 4.08   2
-0.64 4.88 -39.50   4.08 9.75 4.08   2
1.93 4.88 -39.46   4.08 9.75 4.08   2
4.50 4.88 -39.31   4.08 9.75 4.08   2
7.05 4.88 -39.02   4.08 9.75 4.08   2
9.59 4.88 -38.61   4.08 9.75 4.08   2
12.09 4.88 -38.08   4.08 9.75 4.08   2
14.55 4.88 -37.43   4.08 9.75 4.08   2
16.96 4.88 -36.65   4.08 9.75 4.08   2
19.33 4.88 -35.76   4.08 9.75 4.08   2
21.63 4.88 -34.75   4.08 9.75 4.08   2
23.86 4.88 -33.64   4.08 9.75 4.08   2
26.01 4.88 -32.41   4.08 9.75 4.08   2
28.08 4.88 -31.08   4.08 9.75 4.08   2
30.06 4.88 -29.65   4.08 9.75 4.08   2
31.94 4.88 -28.13   4.08 9.75 4.08   2
33.73 4.88 -26.51   4.08 9.75 4.08   2
35.40 4.88 -24.81   4.08 9.75 4.08   2
36.96 4.88 -23.04   4.08 9.75 4.08   2
38.40 4.88 -21.18   4.08 9.75 4.08   2
39.72 4.88 -19.26   4.08 9.75 4.08   2
40.91 4.88 -17.28   4.08 9.75 4.08   2
41.97 4.88 -15.25   4.08 9.75 4.08   2
42.90 4.88 -13.16   4.08 9.75 4.08   2
43.69 4.88 -11.03   4.08 9.75 4.08   2
44.34 4.88 -8.87   4.08 9.75 4.08   2
44.85 4.88 -6.68   4.08 9.75 4.08   2
45.21 4.88 -4.46   4.08 9.75 4.08   2
45.43 4.88 -2.23   4.08 9.75 4.08   2
47.90 5.45 0.00   4.08 10.90 4.08   2
47.83 5.45 2.25   4.08 10.90 4.08   2
47.62 5.45 4.49   4.08 10.90 4.08   2
47.28 5.45 6.72   4.08 10.90 4.08   2
46.80 5.45 8.93   4.08 10.90 4.08   2
46.18 5.45 11.12   4.08 10.90 4.08   2
45.43 5.45 13.27   4.08 10.90 4.08   2
44.56 5.45 15.38   4.08 10.90 4.08   2
43.55 5.45 17.45   4.08 10.90 4.08   2
42.41 5.45 19.47   4.08 10.90 4.08   2
41.16 5.45 21.44   4.08 10.90 4.08   2
39.78 5.45 23.34   4.08 10.90 4.08   2
38.29 5.45 25.17   4.08 10.90 4.08   2
36.69 5.45 26.93   4.08 10.90 4.08   2
34.99 5.45 28.62   4.08 10.90 4.08   2
33.18 5.45 30.22   4.08 10.90 4.08   2
31.28 5.45 31.73   4.08 10.90 4.08   2
29.29 5.45 33.16   4.08 10.90 4.08   2
27.21 5.45 34.48   4.08 10.90 4.08   2
25.06 5.45 35.71   4.08 10.90 4.08   2
22.83 5.45 36.84   4.08 10.90 4.08   2
20.53 5.45 37.85   4.08 10.90 4.08   2
18.18 5.45 38.76   4.08 10.90 4.08   2
15.78 5.45 39.56   4.08 10.90 4.08   2
13.33 5.45 40.25   4.08 10.90 4.08   2
10.84 5.45 40.81   4.08 10.90 4.08   2
8.32 5.45 41.26   4.08 10.90 4.08   2
5.77 5.45 41.59   4.08 10.90 4.08   2
3.21 5.45 41.81   4.08 10.90 4.08   2
0.64 5.45 41.90   4.08 10.90 4.08   2
-1.93 5.45 41.87   4.08 10.90 4.08   2
-4.49 5.45 41.72   4.08 10.90 4.08   2
-7.05 5.45 41.44   4.08 10.90 4.08   2
-9.58 5.45 41.05   4.08 10.90 4.08   2
-12.09 5.45 40.54   4.08 10.90 4.08   2
-14.56 5.45 39.92   4.08 10.90 4.08   2
-16.99 5.45 39.18   4.08 10.90 4.08   2
-19.37 5.45 38.32   4.08 10.90 4.08   2
-21.69 5.45 37.36   4.08 10.90 4.08   2
-23.95 5.45 36.29   4.08 10.90 4.08   2
-26.14 5.45 35.11   4.08 10.90 4.08   2
-28.26 5.45 33.83   4.08 10.90 4.08   2
-30.29 5.45 32.46   4.08 10.90 4.08   2
-32.24 5.45 30.99   4.08 10.90 4.08   2
-34.10 5.45 29.43   4.08 10.90 4.08   2
-35.85 5.45 27.78   4.08 10.90 4.08   2
-37.51 5.45 26.06   4.08 10.90 4.08   2
-39.05 5.45 24.26   4.08 10.90 4.08   2
-40.48 5.45 22.39   4.08 10.90 4.08   2
-41.80 5.45 20.46   4.08 10.90 4.08   2
-43.00 5.45 18.47   4.08 10.90 4.08   2
-44.07 5.45 16.42   4.08 10.90 4.08   2
-45.01 5.45 14.33   4.08 10.90 4.08   2
-45.83 5.45 12.20   4.08 10.90 4.08   2
-46.51 5.45 10.03   4.08 10.90 4.08   2
-47.06 5.45 7.83   4.08 10.90 4.08   2
-47.47 5.45 5.61   4.08 10.90 4.08   2
-47.74 5.45 3.37   4.08 10.90 4.08   2
-47.88 5.45 1.12   4.08 10.90 4.08   2
-47.88 5.45 -1.12   4.08 10.90 4.08   2
-47.74 5.45 -3.37   4.08 10.90 4.08   2
-47.47 5.45 -5.61   4.08 10.90 4.08   2
-47.06 5.45 -7.83   4.08 10.90 4.08   2
-46.51 5.45 -10.03   4.08 10.90 4.08   2
-45.83 5.45 -12.20   4.08 10.90 4.08   2
-45.01 5.45 -14.33   4.08 10.90 4.08   2
-44.07 5.45 -16.42   4.08 10.90 4.08   2
-43.00 5.45 -18.47   4.08 10.90 4.08   2
-41.80 5.45 -20.46   4.08 10.90 4.08   2
-40.48 5.45 -22.39   4.08 10.90 4.08   2
-39.05 5.45 -24.26   4.08 10.90 4.08   2
-37.51 5.45 -26.06   4.08 10.90 4.08   2
-35.85 5.45 -27.78   4.08 10.90 4.08   2
-34.10 5.45 -29.43   4.08 10.90 4.08   2
-32.24 5.45 -30.99   4.08 10.90 4.08   2
-30.29 5.45 -32.46   4.08 10.90 4.08   2
-28.26 5.45 -33.83   4.08 10.90 4.08   2
-26.14 5.45 -35.11   4.08 10.90 4.08   2
-23.95 5.45 -36.29   4.08 10.90 4.08   2
-21.69 5.45 -37.36   4.08 10.90 4.08   2
-19.37 5.45 -38.32   4.08 10.90 4.08   2
-16.99 5.45 -39.18   4.08 10.90 4.08   2
-14.56 5.45 -39.92   4.08 10.90 4.08   2
-12.09 5.45 -40.54   4.08 10.90 4.08   2
-9.58 5.45 -41.05   4.08 10.90 4.08   2
-7.05 5.45 -41.44   4.08 10.90 4.08   2
-4.49 5.45 -41.72   4.08 10.90 4.08   2
-1.93 5.45 -41.87   4.08 10.90 4.08   2
0.64 5.45 -41.90   4.08 10.90 4.08   2
3.21 5.45 -41.81   4.08 10.90 4.08   2
5.77 5.45 -41.59   4.08 10.90 4.08   2
8.32 5.45 -41.26   4.08 10.90 4.08   2
10.84 5.45 -40.81   4.08 10.90 4.08   2
13.33 5.45 -40.25   4.08 10.90 4.08   2
15.78 5.45 -39.56   4.08 10.90 4.08   2
18.18 5.45 -38.76   4.08 10.90 4.08   2
20.53 5.45 -37.85   4.08 10.90 4.08   2
22.83 5.45 -36.84   4.08 10.90 4.08   2
25.06 5.45 -35.71   4.08 10.90 4.08   2
27.21 5.45 -34.48   4.08 10.90 4.08   2
29.29 5.45 -33.16   4.08 10.90 4.08   2
31.28 5.45 -31.73   4.08 10.90 4.08   2
33.18 5.45 -30.22   4.08 10.90 4.08   2
34.99 5.45 -28.62   4.08 10.90 4.08   2
36.69 5.45 -26.93   4.08 10.90 4.08   2
38.29 5.45 -25.17   4.08 10.90 4.08   2
39.78 5.45 -23.34   4.08 10.90 4.08   2
41.16 5.45 -21.44   4.08 10.90 4.08   2
42.41 5.45 -19.47   4.08 10.90 4.08   2
43.55 5.45 -17.45   4.08 10.90 4.08   2
44.56 5.45 -15.38   4.08 10.90 4.08   2
45.43 5.45 -13.27   4.08 10.90 4.08   2
46.18 5.45 -11.12   4.08 10.90 4.08   2
46.80 5.45 -8.93   4.08 10.90 4.08   2
47.28 5.45 -6.72   4.08 10.90 4.08   2
47.62 5.45 -4.49   4.08 10.90 4.08   2
47.83 5.45 -2.25   4.08 10.90 4.08   2
50.30 6.02 0.00   4.08 12.05 4.08   2
50.23 6.02 2.26   4.08 12.05 4.08   2
50.04 6.02 4.52   4.08 12.05 4.08   2
49.71 6.02 6.76   4.08 12.05 4.08   2
49.25 6.02 8.99   4.08 12.05 4.08   2
48.67 6.02 11.19   4.08 12.05 4.08   2
47.96 6.02 13.37   4.08 12.05 4.08   2
47.12 6.02 15.51   4.08 12.05 4.08   2
46.16 6.02 17.60   4.08 12.05 4.08   2
45.08 6.02 19.66   4.08 12.05 4.08   2
43.88 6.02 21.66   4.08 12.05 4.08   2
42.57 6.02 23.60   4.08 12.05 4.08   2
41.14 6.02 25.49   4.08 12.05 4.08   2
39.61 6.02 27.30   4.08 12.05 4.08   2
37.98 6.02 29.05   4.08 12.05 4.08   2
36.24 6.02 30.72   4.08 12.05 4.08   2
34.41 6.02 32.31   4.08 12.05 4.08   2
32.50 6.02 33.81   4.08 12.05 4.08   2
30.49 6.02 35.23   4.08 12.05 4.08   2
28.41 6.02 36.56   4.08 12.05 4.08   2
26.25 6.02 37.79   4.08 12.05 4.08   2
24.03 6.02 38.92   4.08 12.05 4.08   2
21.74 6.02 39.95   4.08 12.05 4.08   2
19.40 6.02 40.87   4.08 12.05 4.08   2
17.00 6.02 41.69   4.08 12.05 4.08   2
14.56 6.02 42.40   4.08 12.05 4.08   2
12.09 6.02 43.00   4.08 12.05 4.08   2
9.58 6.02 43.49   4.08 12.05 4.08   2
7.04 6.02 43.86   4.08 12.05 4.08   2
4.49 6.02 44.12   4.08 12.05 4.08   2
1.93 6.02 44.27   4.08 12.05 4.08   2
-0.64 6.02 44.30   4.08 12.05 4.08   2
-3.21 6.02 44.21   4.08 12.05 4.08   2
-5.77 6.02 44.01   4.08 12.05 4.08   2
-8.31 6.02 43.69   4.08 12.05 4.08   2
-10.83 6.02 43.26   4.08 12.05 4.08   2
-13.33 6.02 42.72   4.08 12.05 4.08   2
-15.79 6.02 42.06   4.08 12.05 4.08   2
-18.21 6.02 41.30   4.08 12.05 4.08   2
-20.58 6.02 40.42   4.08 12.05 4.08   2
-22.89 6.02 39.45   4.08 12.05 4.08   2
-25.15 6.02 38.36   4.08 12.05 4.08   2
-27.34 6.02 37.18   4.08 12.05 4.08   2
-29.46 6.02 35.91   4.08 12.05 4.08   2
-31.50 6.02 34.53   4.08 12.05 4.08   2
-33.47 6.02 33.07   4.08 12.05 4.08   2
-35.34 6.02 31.52   4.08 12.05 4.08   2
-37.12 6.02 29.89   4.08 12.05 4.08   2
-38.81 6.02 28.19   4.08 12.05 4.08   2
-40.39 6.02 26.40   4.08 12.05 4.08   2
-41.87 6.02 24.55   4.08 12.05 4.08   2
-43.24 6.02 22.64   4.08 12.05 4.08   2
-44.49 6.02 20.66   4.08 12.05 4.08   2
-45.63 6.02 18.64   4.08 12.05 4.08   2
-46.65 6.02 16.56   4.08 12.05 4.08   2
-47.55 6.02 14.44   4.08 12.05 4.08   2
-48.33 6.02 12.28   4.08 12.05 4.08   2
-48.98 6.02 10.09   4.08 12.05 4.08   2
-49.50 6.02 7.88   4.08 12.05 4.08   2
-49.89 6.02 5.64   4.08 12.05 4.08   2
-50.15 6.02 3.39   4.08 12.05 4.08   2
-50.28 6.02 1.13   4.08 12.05 4.08   2
-50.28 6.02 -1.13   4.08 12.05 4.08   2
-50.15 6.02 -3.39   4.08 12.05 4.08   2
-49.89 6.02 -5.64   4.08 12.05 4.08   2
-49.50 6.02 -7.88   4.08 12.05 4.08   2
-48.98 6.02 -10.09   4.08 12.05 4.08   2
-48.33 6.02 -12.28   4.08 12.05 4.08   2
-47.55 6.02 -14.44   4.08 12.05 4.08   2
-46.65 6.02 -16.56   4.08 12.05 4.08   2
-45.63 6.02 -18.64   4.08 12.05 4.08   2
-44.49 6.02 -20.66   4.08 12.05 4.08   2
-43.24 6.02 -22.64   4.08 12.05 4.08   2
-41.87 6.02 -24.55   4.08 12.05 4.08   2
-40.39 6.02 -26.40   4.08 12.05 4.08   2
-38.81 6.02 -28.19   4.08 12.05 4.08   2
-37.12 6.02 -29.89   4.08 12.05 4.08   2
-35.34 6.02 -31.52   4.08 12.05 4.08   2
-33.47 6.02 -33.07   4.08 12.05 4.08   2
-31.50 6.02 -34.53   4.08 12.05 4.08   2
-29.46 6.02 -35.91   4.08 12.05 4.08   2
-27.34 6.02 -37.18   4.08 12.05 4.08   2
-25.15 6.02 -38.36   4.08 12.05 4.08   2
-22.89 6.02 -39.45   4.08 12.05 4.08   2
-20.58 6.02 -40.42   4.08 12.05 4.08   2
-18.21 6.02 -41.30   4.08 12.05 4.08   2
-15.79 6.02 -42.06   4.08 12.05 4.08   2
-13.33 6.02 -42.72   4.08 12.05 4.08   2
-10.83 6.02 -43.26   4.08 12.05 4.08   2
-8.31 6.02 -43.69   4.08 12.05 4.08   2
-5.77 6.02 -44.01   4.08 12.05 4.08   2
-3.21 6.02 -44.21   4.08 12.05 4.08   2
-0.64 6.02 -44.30   4.08 12.05 4.08   2
1.93 6.02 -44.27   4.08 12.05 4.08   2
4.49 6.02 -44.12   4.08 12.05 4.08   2
7.04 6.02 -43.86   4.08 12.05 4.08   2
9.58 6.02 -43.49   4.08 12.05 4.08   2
12.09 6.02 -43.00   4.08 12.05 4.08   2
14.56 6.02 -42.40   4.08 12.05 4.08   2
17.00 6.02 -41.69   4.08 12.05 4.08   2
19.40 6.02 -40.87   4.08 12.05 4.08   2
21.74 6.02 -39.95   4.08 12.05 4.08   2
24.03 6.02 -38.92   4.08 12.05 4.08   2
26.25 6.02 -37.79   4.08 12.05 4.08   2
28.41 6.02 -36.56   4.08 12.05 4.08   2
30.49 6.02 -35.23   4.08 12.05 4.08   2
32.50 6.02 -33.81   4.08 12.05 4.08   2
34.41 6.02 -32.31   4.08 12.05 4.08   2
36.24 6.02 -30.72   4.08 12.05 4.08   2
37.98 6.02 -29.05   4.08 12.05 4.08   2
39.61 6.02 -27.30   4.08 12.05 4.08   2
41.14 6.02 -25.49   4.08 12.05 4.08   2
42.57 6.02 -23.60   4.08 12.05 4.08   2
43.88 6.02 -21.66   4.08 12.05 4.08   2
45.08 6.02 -19.66   4.08 12.05 4.08   2
46.16 6.02 -17.60   4.08 12.05 4.08   2
47.12 6.02 -15.51   4.08 12.05 4.08   2
47.96 6.02 -13.37   4.08 12.05 4.08   2
48.67 6.02 -11.19   4.08 12.05 4.08   2
49.25 6.02 -8.99   4.08 12.05 4.08   2
49.71 6.02 -6.76   4.08 12.05 4.08   2
50.04 6.02 -4.52   4.08 12.05 4.08   2
50.23 6.02 -2.26   4.08 12.05 4.08   2
52.70 6.60 0.00   4.08 13.20 4.08   2
52.64 6.60 2.26   4.08 13.20 4.08   2
52.45 6.60 4.51   4.08 13.20 4.08   2
52.15 6.60 6.75   4.08 13.20 4.08   2
51.72 6.60 8.97   4.08 13.20 4.08   2
51.17 6.60 11.18   4.08 13.20 4.08   2
50.50 6.60 13.35   4.08 13.20 4.08   2
49.71 6.60 15.50   4.08 13.20 4.08   2
48.81 6.60 17.61   4.08 13.20 4.08   2
47.79 6.60 19.68   4.08 13.20 4.08   2
46.66 6.60 21.70   4.08 13.20 4.08   2
45.43 6.60 23.68   4.08 13.20 4.08   2
44.08 6.60 25.59   4.08 13.20 4.08   2
42.64 6.60 27.45   4.08 13.20 4.08   2
41.09 6.60 29.24   4.08 13.20 4.08   2
39.45 6.60 30.97   4.08 13.20 4.08   2
37.71 6.60 32.62   4.08 13.20 4.08   2
35.89 6.60 34.20   4.08 13.20 4.08   2
33.98 6.60 35.69   4.08 13.20 4.08   2
32.00 6.60 37.11   4.08 13.20 4.08   2
29.94 6.60 38.43   4.08 13.20 4.08   2
27.81 6.60 39.67   4.08 13.20 4.08   2
25.61 6.60 40.81   4.08 13.20 4.08   2
23.36 6.60 41.86   4.08 13.20 4.08   2
21.05 6.60 42.81   4.08 13.20 4.08   2
18.69 6.60 43.67   4.08 13.20 4.08   2
16.29 6.60 44.41   4.08 13.20 4.08   2
13.84 6.60 45.06   4.08 13.20 4.08   2
11.37 6.60 45.60   4.08 13.20 4.08   2
8.87 6.60 46.03   4.08 13.20 4.08   2
6.35 6.60 46.36   4.08 13.20 4.08   2
3.82 6.60 46.58   4.08 13.20 4.08   2
1.27 6.60 46.69   4.08 13.20 4.08   2
-1.27 6.60 46.69   4.08 13.20 4.08   2
-3.82 6.60 46.58   4.08 13.20 4.08   2
-6.35 6.60 46.36   4.08 13.20 4.08   2
-8.87 6.60 46.03   4.08 13.20 4.08   2
-11.37 6.60 45.60   4.08 13.20 4.08   2
-13.84 6.60 45.06   4.08 13.20 4.08   2
-16.29 6.60 44.41   4.08 13.20 4.08   2
-18.69 6.60 43.67   4.08 13.20 4.08   2
-21.05 6.60 42.81   4.08 13.20 4.08   2
-23.36 6.60 41.86   4.08 13.20 4.08   2
-25.61 6.60 40.81   4.08 13.20 4.08   2
-27.81 6.60 39.67   4.08 13.20 4.08   2
-29.94 6.60 38.43   4.08 13.20 4.08   2
-32.00 6.60 37.11   4.08 13.20 4.08   2
-33.98 6.60 35.69   4.08 13.20 4.08   2
-35.89 6.60 34.20   4.08 13.20 4.08   2
-37.71 6.60 32.62   4.08 13.20 4.08   2
-39.45 6.60 30.97   4.08 13.20 4.08   2
-41.09 6.60 29.24   4.08 13.20 4.08   2
-42.64 6.60 27.45   4.08 13.20 4.08   2
-44.08 6.60 25.59   4.08 13.20 4.08   2
-45.43 6.60 23.68   4.08 13.20 4.08   2
-46.66 6.60 21.70   4.08 13.20 4.08   2
-47.79 6.60 19.68   4.08 13.20 4.08   2
-48.81 6.60 17.61   4.08 13.20 4.08   2
-49.71 6.60 15.50   4.08 13.20 4.08   2
-50.50 6.60 13.35   4.08 13.20 4.08   2
-51.17 6.60 11.18   4.08 13.20 4.08   2
-51.72 6.60 8.97   4.08 13.20 4.08   2
-52.15 6.60 6.75   4.08 13.20 4.08   2
-52.45 6.60 4.51   4.08 13.20 4.08   2
-52.64 6.60 2.26   4.08 13.20 4.08   2
-52.70 6.60 0.00   4.08 13.20 4.08   2
-52.64 6.60 -2.26   4.08 13.20 4.08   2
-52.45 6.60 -4.51   4.08 13.20 4.08   2
-52.15 6.60 -6.75   4.08 13.20 4.08   2
-51.72 6.60 -8.97   4.08 13.20 4.08   2
-51.17 6.60 -11.18   4.08 13.20 4.08   2
-50.50 6.60 -13.35   4.08 13.20 4.08   2
-49.71 6.60 -15.50   4.08 13.20 4.08   2
-48.81 6.60 -17.61   4.08 13.20 4.08   2
-47.79 6.60 -19.68   4.08 13.20 4.08   2
-46.66 6.60 -21.70   4.08 13.20 4.08   2
-45.43 6.60 -23.68   4.08 13.20 4.08   2
-44.08 6.60 -25.59   4.08 13.20 4.08   2
-42.64 6.60 -27.45   4.08 13.20 4.08   2
-41.09 6.60 -29.24   4.08 13.20 4.08   2
-39.45 6.60 -30.97   4.08 13.20 4.08   2
-37.71 6.60 -32.62   4.08 13.20 4.08   2
-35.89 6.60 -34.20   4.08 13.20 4.08   2
-33.98 6.60 -35.69   4.08 13.20 4.08   2
-32.00 6.60 -37.11   4.08 13.20 4.08   2
-29.94 6.60 -38.43   4.08 13.20 4.08   2
-27.81 6.60 -39.67   4.08 13.20 4.08   2
-25.61 6.60 -40.81   4.08 13.20 4.08   2
-23.36 6.60 -41.86   4.08 13.20 4.08   2
-21.05 6.60 -42.81   4.08 13.20 4.08   2
-18.69 6.60 -43.67   4.08 13.20 4.08   2
-16.29 6.60 -44.41   4.08 13.20 4.08   2
-13.84 6.60 -45.06   4.08 13.20 4.08   2
-11.37 6.60 -45.60   4.08 13.20 4.08   2
-8.87 6.60 -46.03   4.08 13.20 4.08   2
-6.35 6.60 -46.36   4.08 13.20 4.08   2
-3.82 6.60 -46.58   4.08 13.20 4.08   2
-1.27 6.60 -46.69   4.08 13.20 4.08   2
1.27 6.60 -46.69   4.08 13.20 4.08   2
3.82 6.60 -46.58   4.08 13.20 4.08   2
6.35 6.60 -46.36   4.08 13.20 4.08   2
8.87 6.60 -46.03   4.08 13.20 4.08   2
11.37 6.60 -45.60   4.08 13.20 4.08   2
13.84 6.60 -45.06   4.08 13.20 4.08   2
16.29 6.60 -44.41   4.08 13.20 4.08   2
18.69 6.60 -43.67   4.08 13.20 4.08   2
21.05 6.60 -42.81   4.08 13.20 4.08   2
23.36 6.60 -41.86   4.08 13.20 4.08   2
25.61 6.60 -40.81   4.08 13.20 4.08   2
27.81 6.60 -39.67   4.08 13.20 4.08   2
29.94 6.60 -38.43   4.08 13.20 4.08   2
32.00 6.60 -37.11   4.08 13.20 4.08   2
33.98 6.60 -35.69   4.08 13.20 4.08   2
35.89 6.60 -34.20   4.08 13.20 4.08   2
37.71 6.60 -32.62   4.08 13.20 4.08   2
39.45 6.60 -30.97   4.08 13.20 4.08   2
41.09 6.60 -29.24   4.08 13.20 4.08   2
42.64 6.60 -27.45   4.08 13.20 4.08   2
44.08 6.60 -25.59   4.08 13.20 4.08   2
45.43 6.60 -23.68   4.08 13.20 4.08   2
46.66 6.60 -21.70   4.08 13.20 4.08   2
47.79 6.60 -19.68   4.08 13.20 4.08   2
48.81 6.60 -17.61   4.08 13.20 4.08   2
49.71 6.60 -15.50   4.08 13.20 4.08   2
50.50 6.60 -13.35   4.08 13.20 4.08   2
51.17 6.60 -11.18   4.08 13.20 4.08   2
51.72 6.60 -8.97   4.08 13.20 4.08   2
52.15 6.60 -6.75   4.08 13.20 4.08   2
52.45 6.60 -4.51   4.08 13.20 4.08   2
52.64 6.60 -2.26   4.08 13.20 4.08   2

# === OUTER FACADE with arch openings ===
56.87 5.00 4.55   4.08 10.00 4.08   1
55.07 5.00 13.50   4.08 10.00 4.08   1
51.52 5.00 22.02   4.08 10.00 4.08   1
46.34 5.00 29.85   4.08 10.00 4.08   1
41.48 5.00 35.11   4.08 10.00 4.08   1
39.70 5.00 36.73   4.08 10.00 4.08   1
33.87 5.00 41.14   4.08 10.00 4.08   1
31.79 5.00 42.45   4.08 10.00 4.08   1
25.18 5.00 45.86   4.08 10.00 4.08   1
22.88 5.00 46.82   4.08 10.00 4.08   1
15.70 5.00 49.13   4.08 10.00 4.08   1
13.24 5.00 49.71   4.08 10.00 4.08   1
5.72 5.00 50.84   4.08 10.00 4.08   1
-4.45 5.00 50.94   4.08 10.00 4.08   1
-14.47 5.00 49.43   4.08 10.00 4.08   1
-24.04 5.00 46.35   4.08 10.00 4.08   1
-32.84 5.00 41.80   4.08 10.00 4.08   1
-40.60 5.00 35.93   4.08 10.00 4.08   1
-47.08 5.00 28.92   4.08 10.00 4.08   1
-52.06 5.00 20.99   4.08 10.00 4.08   1
-54.72 5.00 14.60   4.08 10.00 4.08   1
-55.39 5.00 12.40   4.08 10.00 4.08   1
-56.75 5.00 5.68   4.08 10.00 4.08   1
-56.97 5.00 3.41   4.08 10.00 4.08   1
-56.97 5.00 -3.41   4.08 10.00 4.08   1
-56.75 5.00 -5.68   4.08 10.00 4.08   1
-55.39 5.00 -12.40   4.08 10.00 4.08   1
-54.72 5.00 -14.60   4.08 10.00 4.08   1
-52.06 5.00 -20.99   4.08 10.00 4.08   1
-47.08 5.00 -28.92   4.08 10.00 4.08   1
-40.60 5.00 -35.93   4.08 10.00 4.08   1
-32.84 5.00 -41.80   4.08 10.00 4.08   1
-24.04 5.00 -46.35   4.08 10.00 4.08   1
-14.47 5.00 -49.43   4.08 10.00 4.08   1
-4.45 5.00 -50.94   4.08 10.00 4.08   1
5.72 5.00 -50.84   4.08 10.00 4.08   1
13.24 5.00 -49.71   4.08 10.00 4.08   1
15.70 5.00 -49.13   4.08 10.00 4.08   1
22.88 5.00 -46.82   4.08 10.00 4.08   1
25.18 5.00 -45.86   4.08 10.00 4.08   1
31.79 5.00 -42.45   4.08 10.00 4.08   1
33.87 5.00 -41.14   4.08 10.00 4.08   1
39.70 5.00 -36.73   4.08 10.00 4.08   1
41.48 5.00 -35.11   4.08 10.00 4.08   1
46.34 5.00 -29.85   4.08 10.00 4.08   1
51.52 5.00 -22.02   4.08 10.00 4.08   1
55.07 5.00 -13.50   4.08 10.00 4.08   1
56.87 5.00 -4.55   4.08 10.00 4.08   1
57.10 11.00 0.00   4.08 2.00 4.08   3
57.04 11.00 2.28   4.08 2.00 4.08   3
56.87 11.00 4.55   4.08 2.00 4.08   3
56.59 11.00 6.81   4.08 2.00 4.08   3
56.20 11.00 9.06   4.08 2.00 4.08   3
55.69 11.00 11.29   4.08 2.00 4.08   3
55.07 11.00 13.50   4.08 2.00 4.08   3
54.34 11.00 15.68   4.08 2.00 4.08   3
53.51 11.00 17.83   4.08 2.00 4.08   3
52.57 11.00 19.95   4.08 2.00 4.08   3
51.52 11.00 22.02   4.08 2.00 4.08   3
50.38 11.00 24.06   4.08 2.00 4.08   3
49.13 11.00 26.04   4.08 2.00 4.08   3
47.78 11.00 27.97   4.08 2.00 4.08   3
46.34 11.00 29.85   4.08 2.00 4.08   3
44.81 11.00 31.67   4.08 2.00 4.08   3
43.19 11.00 33.42   4.08 2.00 4.08   3
41.48 11.00 35.11   4.08 2.00 4.08   3
39.70 11.00 36.73   4.08 2.00 4.08   3
37.83 11.00 38.28   4.08 2.00 4.08   3
35.88 11.00 39.75   4.08 2.00 4.08   3
33.87 11.00 41.14   4.08 2.00 4.08   3
31.79 11.00 42.45   4.08 2.00 4.08   3
29.64 11.00 43.67   4.08 2.00 4.08   3
27.44 11.00 44.81   4.08 2.00 4.08   3
25.18 11.00 45.86   4.08 2.00 4.08   3
22.88 11.00 46.82   4.08 2.00 4.08   3
20.52 11.00 47.69   4.08 2.00 4.08   3
18.13 11.00 48.46   4.08 2.00 4.08   3
15.70 11.00 49.13   4.08 2.00 4.08   3
13.24 11.00 49.71   4.08 2.00 4.08   3
10.75 11.00 50.19   4.08 2.00 4.08   3
8.24 11.00 50.57   4.08 2.00 4.08   3
5.72 11.00 50.84   4.08 2.00 4.08   3
3.18 11.00 51.02   4.08 2.00 4.08   3
0.64 11.00 51.10   4.08 2.00 4.08   3
-1.91 11.00 51.07   4.08 2.00 4.08   3
-4.45 11.00 50.94   4.08 2.00 4.08   3
-6.98 11.00 50.72   4.08 2.00 4.08   3
-9.50 11.00 50.39   4.08 2.00 4.08   3
-12.00 11.00 49.96   4.08 2.00 4.08   3
-14.47 11.00 49.43   4.08 2.00 4.08   3
-16.92 11.00 48.81   4.08 2.00 4.08   3
-19.33 11.00 48.08   4.08 2.00 4.08   3
-21.70 11.00 47.26   4.08 2.00 4.08   3
-24.04 11.00 46.35   4.08 2.00 4.08   3
-26.32 11.00 45.35   4.08 2.00 4.08   3
-28.55 11.00 44.25   4.08 2.00 4.08   3
-30.72 11.00 43.07   4.08 2.00 4.08   3
-32.84 11.00 41.80   4.08 2.00 4.08   3
-34.89 11.00 40.45   4.08 2.00 4.08   3
-36.87 11.00 39.02   4.08 2.00 4.08   3
-38.77 11.00 37.51   4.08 2.00 4.08   3
-40.60 11.00 35.93   4.08 2.00 4.08   3
-42.35 11.00 34.28   4.08 2.00 4.08   3
-44.01 11.00 32.55   4.08 2.00 4.08   3
-45.59 11.00 30.77   4.08 2.00 4.08   3
-47.08 11.00 28.92   4.08 2.00 4.08   3
-48.47 11.00 27.01   4.08 2.00 4.08   3
-49.77 11.00 25.06   4.08 2.00 4.08   3
-50.96 11.00 23.05   4.08 2.00 4.08   3
-52.06 11.00 20.99   4.08 2.00 4.08   3
-53.05 11.00 18.90   4.08 2.00 4.08   3
-53.94 11.00 16.76   4.08 2.00 4.08   3
-54.72 11.00 14.60   4.08 2.00 4.08   3
-55.39 11.00 12.40   4.08 2.00 4.08   3
-55.96 11.00 10.18   4.08 2.00 4.08   3
-56.41 11.00 7.94   4.08 2.00 4.08   3
-56.75 11.00 5.68   4.08 2.00 4.08   3
-56.97 11.00 3.41   4.08 2.00 4.08   3
-57.09 11.00 1.14   4.08 2.00 4.08   3
-57.09 11.00 -1.14   4.08 2.00 4.08   3
-56.97 11.00 -3.41   4.08 2.00 4.08   3
-56.75 11.00 -5.68   4.08 2.00 4.08   3
-56.41 11.00 -7.94   4.08 2.00 4.08   3
-55.96 11.00 -10.18   4.08 2.00 4.08   3
-55.39 11.00 -12.40   4.08 2.00 4.08   3
-54.72 11.00 -14.60   4.08 2.00 4.08   3
-53.94 11.00 -16.76   4.08 2.00 4.08   3
-53.05 11.00 -18.90   4.08 2.00 4.08   3
-52.06 11.00 -20.99   4.08 2.00 4.08   3
-50.96 11.00 -23.05   4.08 2.00 4.08   3
-49.77 11.00 -25.06   4.08 2.00 4.08   3
-48.47 11.00 -27.01   4.08 2.00 4.08   3
-47.08 11.00 -28.92   4.08 2.00 4.08   3
-45.59 11.00 -30.77   4.08 2.00 4.08   3
-44.01 11.00 -32.55   4.08 2.00 4.08   3
-42.35 11.00 -34.28   4.08 2.00 4.08   3
-40.60 11.00 -35.93   4.08 2.00 4.08   3
-38.77 11.00 -37.51   4.08 2.00 4.08   3
-36.87 11.00 -39.02   4.08 2.00 4.08   3
-34.89 11.00 -40.45   4.08 2.00 4.08   3
-32.84 11.00 -41.80   4.08 2.00 4.08   3
-30.72 11.00 -43.07   4.08 2.00 4.08   3
-28.55 11.00 -44.25   4.08 2.00 4.08   3
-26.32 11.00 -45.35   4.08 2.00 4.08   3
-24.04 11.00 -46.35   4.08 2.00 4.08   3
-21.70 11.00 -47.26   4.08 2.00 4.08   3
-19.33 11.00 -48.08   4.08 2.00 4.08   3
-16.92 11.00 -48.81   4.08 2.00 4.08   3
-14.47 11.00 -49.43   4.08 2.00 4.08   3
-12.00 11.00 -49.96   4.08 2.00 4.08   3
-9.50 11.00 -50.39   4.08 2.00 4.08   3
-6.98 11.00 -50.72   4.08 2.00 4.08   3
-4.45 11.00 -50.94   4.08 2.00 4.08   3
-1.91 11.00 -51.07   4.08 2.00 4.08   3
0.64 11.00 -51.10   4.08 2.00 4.08   3
3.18 11.00 -51.02   4.08 2.00 4.08   3
5.72 11.00 -50.84   4.08 2.00 4.08   3
8.24 11.00 -50.57   4.08 2.00 4.08   3
10.75 11.00 -50.19   4.08 2.00 4.08   3
13.24 11.00 -49.71   4.08 2.00 4.08   3
15.70 11.00 -49.13   4.08 2.00 4.08   3
18.13 11.00 -48.46   4.08 2.00 4.08   3
20.52 11.00 -47.69   4.08 2.00 4.08   3
22.88 11.00 -46.82   4.08 2.00 4.08   3
25.18 11.00 -45.86   4.08 2.00 4.08   3
27.44 11.00 -44.81   4.08 2.00 4.08   3
29.64 11.00 -43.67   4.08 2.00 4.08   3
31.79 11.00 -42.45   4.08 2.00 4.08   3
33.87 11.00 -41.14   4.08 2.00 4.08   3
35.88 11.00 -39.75   4.08 2.00 4.08   3
37.83 11.00 -38.28   4.08 2.00 4.08   3
39.70 11.00 -36.73   4.08 2.00 4.08   3
41.48 11.00 -35.11   4.08 2.00 4.08   3
43.19 11.00 -33.42   4.08 2.00 4.08   3
44.81 11.00 -31.67   4.08 2.00 4.08   3
46.34 11.00 -29.85   4.08 2.00 4.08   3
47.78 11.00 -27.97   4.08 2.00 4.08   3
49.13 11.00 -26.04   4.08 2.00 4.08   3
50.38 11.00 -24.06   4.08 2.00 4.08   3
51.52 11.00 -22.02   4.08 2.00 4.08   3
52.57 11.00 -19.95   4.08 2.00 4.08   3
53.51 11.00 -17.83   4.08 2.00 4.08   3
54.34 11.00 -15.68   4.08 2.00 4.08   3
55.07 11.00 -13.50   4.08 2.00 4.08   3
55.69 11.00 -11.29   4.08 2.00 4.08   3
56.20 11.00 -9.06   4.08 2.00 4.08   3
56.59 11.00 -6.81   4.08 2.00 4.08   3
56.87 11.00 -4.55   4.08 2.00 4.08   3
57.04 11.00 -2.28   4.08 2.00 4.08   3
56.87 17.00 4.55   4.08 10.00 4.08   1
55.07 17.00 13.50   4.08 10.00 4.08   1
51.52 17.00 22.02   4.08 10.00 4.08   1
46.34 17.00 29.85   4.08 10.00 4.08   1
41.48 17.00 35.11   4.08 10.00 4.08   1
39.70 17.00 36.73   4.08 10.00 4.08   1
33.87 17.00 41.14   4.08 10.00 4.08   1
31.79 17.00 42.45   4.08 10.00 4.08   1
25.18 17.00 45.86   4.08 10.00 4.08   1
22.88 17.00 46.82   4.08 10.00 4.08   1
15.70 17.00 49.13   4.08 10.00 4.08   1
13.24 17.00 49.71   4.08 10.00 4.08   1
5.72 17.00 50.84   4.08 10.00 4.08   1
-4.45 17.00 50.94   4.08 10.00 4.08   1
-14.47 17.00 49.43   4.08 10.00 4.08   1
-24.04 17.00 46.35   4.08 10.00 4.08   1
-32.84 17.00 41.80   4.08 10.00 4.08   1
-40.60 17.00 35.93   4.08 10.00 4.08   1
-47.08 17.00 28.92   4.08 10.00 4.08   1
-52.06 17.00 20.99   4.08 10.00 4.08   1
-54.72 17.00 14.60   4.08 10.00 4.08   1
-55.39 17.00 12.40   4.08 10.00 4.08   1
-56.75 17.00 5.68   4.08 10.00 4.08   1
-56.97 17.00 3.41   4.08 10.00 4.08   1
-56.97 17.00 -3.41   4.08 10.00 4.08   1
-56.75 17.00 -5.68   4.08 10.00 4.08   1
-55.39 17.00 -12.40   4.08 10.00 4.08   1
-54.72 17.00 -14.60   4.08 10.00 4.08   1
-52.06 17.00 -20.99   4.08 10.00 4.08   1
-47.08 17.00 -28.92   4.08 10.00 4.08   1
-40.60 17.00 -35.93   4.08 10.00 4.08   1
-32.84 17.00 -41.80   4.08 10.00 4.08   1
-24.04 17.00 -46.35   4.08 10.00 4.08   1
-14.47 17.00 -49.43   4.08 10.00 4.08   1
-4.45 17.00 -50.94   4.08 10.00 4.08   1
5.72 17.00 -50.84   4.08 10.00 4.08   1
13.24 17.00 -49.71   4.08 10.00 4.08   1
15.70 17.00 -49.13   4.08 10.00 4.08   1
22.88 17.00 -46.82   4.08 10.00 4.08   1
25.18 17.00 -45.86   4.08 10.00 4.08   1
31.79 17.00 -42.45   4.08 10.00 4.08   1
33.87 17.00 -41.14   4.08 10.00 4.08   1
39.70 17.00 -36.73   4.08 10.00 4.08   1
41.48 17.00 -35.11   4.08 10.00 4.08   1
46.34 17.00 -29.85   4.08 10.00 4.08   1
51.52 17.00 -22.02   4.08 10.00 4.08   1
55.07 17.00 -13.50   4.08 10.00 4.08   1
56.87 17.00 -4.55   4.08 10.00 4.08   1
57.10 23.00 0.00   4.08 2.00 4.08   3
57.04 23.00 2.28   4.08 2.00 4.08   3
56.87 23.00 4.55   4.08 2.00 4.08   3
56.59 23.00 6.81   4.08 2.00 4.08   3
56.20 23.00 9.06   4.08 2.00 4.08   3
55.69 23.00 11.29   4.08 2.00 4.08   3
55.07 23.00 13.50   4.08 2.00 4.08   3
54.34 23.00 15.68   4.08 2.00 4.08   3
53.51 23.00 17.83   4.08 2.00 4.08   3
52.57 23.00 19.95   4.08 2.00 4.08   3
51.52 23.00 22.02   4.08 2.00 4.08   3
50.38 23.00 24.06   4.08 2.00 4.08   3
49.13 23.00 26.04   4.08 2.00 4.08   3
47.78 23.00 27.97   4.08 2.00 4.08   3
46.34 23.00 29.85   4.08 2.00 4.08   3
44.81 23.00 31.67   4.08 2.00 4.08   3
43.19 23.00 33.42   4.08 2.00 4.08   3
41.48 23.00 35.11   4.08 2.00 4.08   3
39.70 23.00 36.73   4.08 2.00 4.08   3
37.83 23.00 38.28   4.08 2.00 4.08   3
35.88 23.00 39.75   4.08 2.00 4.08   3
33.87 23.00 41.14   4.08 2.00 4.08   3
31.79 23.00 42.45   4.08 2.00 4.08   3
29.64 23.00 43.67   4.08 2.00 4.08   3
27.44 23.00 44.81   4.08 2.00 4.08   3
25.18 23.00 45.86   4.08 2.00 4.08   3
22.88 23.00 46.82   4.08 2.00 4.08   3
20.52 23.00 47.69   4.08 2.00 4.08   3
18.13 23.00 48.46   4.08 2.00 4.08   3
15.70 23.00 49.13   4.08 2.00 4.08   3
13.24 23.00 49.71   4.08 2.00 4.08   3
10.75 23.00 50.19   4.08 2.00 4.08   3
8.24 23.00 50.57   4.08 2.00 4.08   3
5.72 23.00 50.84   4.08 2.00 4.08   3
3.18 23.00 51.02   4.08 2.00 4.08   3
0.64 23.00 51.10   4.08 2.00 4.08   3
-1.91 23.00 51.07   4.08 2.00 4.08   3
-4.45 23.00 50.94   4.08 2.00 4.08   3
-6.98 23.00 50.72   4.08 2.00 4.08   3
-9.50 23.00 50.39   4.08 2.00 4.08   3
-12.00 23.00 49.96   4.08 2.00 4.08   3
-14.47 23.00 49.43   4.08 2.00 4.08   3
-16.92 23.00 48.81   4.08 2.00 4.08   3
-19.33 23.00 48.08   4.08 2.00 4.08   3
-21.70 23.00 47.26   4.08 2.00 4.08   3
-24.04 23.00 46.35   4.08 2.00 4.08   3
-26.32 23.00 45.35   4.08 2.00 4.08   3
-28.55 23.00 44.25   4.08 2.00 4.08   3
-30.72 23.00 43.07   4.08 2.00 4.08   3
-32.84 23.00 41.80   4.08 2.00 4.08   3
-34.89 23.00 40.45   4.08 2.00 4.08   3
-36.87 23.00 39.02   4.08 2.00 4.08   3
-38.77 23.00 37.51   4.08 2.00 4.08   3
-40.60 23.00 35.93   4.08 2.00 4.08   3
-42.35 23.00 34.28   4.08 2.00 4.08   3
-44.01 23.00 32.55   4.08 2.00 4.08   3
-45.59 23.00 30.77   4.08 2.00 4.08   3
-47.08 23.00 28.92   4.08 2.00 4.08   3
-48.47 23.00 27.01   4.08 2.00 4.08   3
-49.77 23.00 25.06   4.08 2.00 4.08   3
-50.96 23.00 23.05   4.08 2.00 4.08   3
-52.06 23.00 20.99   4.08 2.00 4.08   3
-53.05 23.00 18.90   4.08 2.00 4.08   3
-53.94 23.00 16.76   4.08 2.00 4.08   3
-54.72 23.00 14.60   4.08 2.00 4.08   3
-55.39 23.00 12.40   4.08 2.00 4.08   3
-55.96 23.00 10.18   4.08 2.00 4.08   3
-56.41 23.00 7.94   4.08 2.00 4.08   3
-56.75 23.00 5.68   4.08 2.00 4.08   3
-56.97 23.00 3.41   4.08 2.00 4.08   3
-57.09 23.00 1.14   4.08 2.00 4.08   3
-57.09 23.00 -1.14   4.08 2.00 4.08   3
-56.97 23.00 -3.41   4.08 2.00 4.08   3
-56.75 23.00 -5.68   4.08 2.00 4.08   3
-56.41 23.00 -7.94   4.08 2.00 4.08   3
-55.96 23.00 -10.18   4.08 2.00 4.08   3
-55.39 23.00 -12.40   4.08 2.00 4.08   3
-54.72 23.00 -14.60   4.08 2.00 4.08   3
-53.94 23.00 -16.76   4.08 2.00 4.08   3
-53.05 23.00 -18.90   4.08 2.00 4.08   3
-52.06 23.00 -20.99   4.08 2.00 4.08   3
-50.96 23.00 -23.05   4.08 2.00 4.08   3
-49.77 23.00 -25.06   4.08 2.00 4.08   3
-48.47 23.00 -27.01   4.08 2.00 4.08   3
-47.08 23.00 -28.92   4.08 2.00 4.08   3
-45.59 23.00 -30.77   4.08 2.00 4.08   3
-44.01 23.00 -32.55   4.08 2.00 4.08   3
-42.35 23.00 -34.28   4.08 2.00 4.08   3
-40.60 23.00 -35.93   4.08 2.00 4.08   3
-38.77 23.00 -37.51   4.08 2.00 4.08   3
-36.87 23.00 -39.02   4.08 2.00 4.08   3
-34.89 23.00 -40.45   4.08 2.00 4.08   3
-32.84 23.00 -41.80   4.08 2.00 4.08   3
-30.72 23.00 -43.07   4.08 2.00 4.08   3
-28.55 23.00 -44.25   4.08 2.00 4.08   3
-26.32 23.00 -45.35   4.08 2.00 4.08   3
-24.04 23.00 -46.35   4.08 2.00 4.08   3
-21.70 23.00 -47.26   4.08 2.00 4.08   3
-19.33 23.00 -48.08   4.08 2.00 4.08   3
-16.92 23.00 -48.81   4.08 2.00 4.08   3
-14.47 23.00 -49.43   4.08 2.00 4.08   3
-12.00 23.00 -49.96   4.08 2.00 4.08   3
-9.50 23.00 -50.39   4.08 2.00 4.08   3
-6.98 23.00 -50.72   4.08 2.00 4.08   3
-4.45 23.00 -50.94   4.08 2.00 4.08   3
-1.91 23.00 -51.07   4.08 2.00 4.08   3
0.64 23.00 -51.10   4.08 2.00 4.08   3
3.18 23.00 -51.02   4.08 2.00 4.08   3
5.72 23.00 -50.84   4.08 2.00 4.08   3
8.24 23.00 -50.57   4.08 2.00 4.08   3
10.75 23.00 -50.19   4.08 2.00 4.08   3
13.24 23.00 -49.71   4.08 2.00 4.08   3
15.70 23.00 -49.13   4.08 2.00 4.08   3
18.13 23.00 -48.46   4.08 2.00 4.08   3
20.52 23.00 -47.69   4.08 2.00 4.08   3
22.88 23.00 -46.82   4.08 2.00 4.08   3
25.18 23.00 -45.86   4.08 2.00 4.08   3
27.44 23.00 -44.81   4.08 2.00 4.08   3
29.64 23.00 -43.67   4.08 2.00 4.08   3
31.79 23.00 -42.45   4.08 2.00 4.08   3
33.87 23.00 -41.14   4.08 2.00 4.08   3
35.88 23.00 -39.75   4.08 2.00 4.08   3
37.83 23.00 -38.28   4.08 2.00 4.08   3
39.70 23.00 -36.73   4.08 2.00 4.08   3
41.48 23.00 -35.11   4.08 2.00 4.08   3
43.19 23.00 -33.42   4.08 2.00 4.08   3
44.81 23.00 -31.67   4.08 2.00 4.08   3
46.34 23.00 -29.85   4.08 2.00 4.08   3
47.78 23.00 -27.97   4.08 2.00 4.08   3
49.13 23.00 -26.04   4.08 2.00 4.08   3
50.38 23.00 -24.06   4.08 2.00 4.08   3
51.52 23.00 -22.02   4.08 2.00 4.08   3
52.57 23.00 -19.95   4.08 2.00 4.08   3
53.51 23.00 -17.83   4.08 2.00 4.08   3
54.34 23.00 -15.68   4.08 2.00 4.08   3
55.07 23.00 -13.50   4.08 2.00 4.08   3
55.69 23.00 -11.29   4.08 2.00 4.08   3
56.20 23.00 -9.06   4.08 2.00 4.08   3
56.59 23.00 -6.81   4.08 2.00 4.08   3
56.87 23.00 -4.55   4.08 2.00 4.08   3
57.04 23.00 -2.28   4.08 2.00 4.08   3

# === ENTRANCE TUNNELS (east & west) ===
43.55 2.50 3.00   31.10 5.00 1.00   3
43.55 2.50 -3.00   31.10 5.00 1.00   3
43.55 5.50 0.00   31.10 1.00 7.00   3
43.55 -0.50 0.00   31.10 1.00 7.00   1
-43.55 2.50 3.00   31.10 5.00 1.00   3
-43.55 2.50 -3.00   31.10 5.00 1.00   3
-43.55 5.50 0.00   31.10 1.00 7.00   3
-43.55 -0.50 0.00   31.10 1.00 7.00   1

# === ARENA PROPS ===
8.00 1.50 6.00   3.00 3.00 3.00   2
-8.00 1.50 -6.00   3.00 3.00 3.00   2
14.00 2.50 -9.00   2.00 5.00 2.00   2
-14.00 2.50 9.00   2.00 5.00 2.00   2
0.00 0.75 14.00   6.00 1.50 3.00   2
0.00 0.75 -14.00   6.00 1.50 3.00   2
18.00 1.25 4.00   2.50 2.50 2.50   2
-18.00 1.25 -4.00   2.50 2.50 2.50   2
2.00 1.00 -2.00   2.00 2.00 2.00   2
2.00 3.00 -2.00   2.00 2.00 2.00   2
4.50 1.00 -1.00   2.00 2.00 2.00   2